NAME	= curvature
DESCRIPTION	= 
UNIT	= 
DATAFORMAT	= BYTE
DATAFILE_OFFSET	= 0
BYTEORDER_BIG	= FALSE
TOPTOBOTTOM	= FALSE
POSITION_XMIN	= -74.2184045320770167
POSITION_YMIN	= 4.5031197719985432
CELLCOUNT_X	= 1000
CELLCOUNT_Y	= 1002
CELLSIZE	= 0.0002694945852359
Z_FACTOR	= 1.000000
Z_OFFSET	= 0.000000
NODATA_VALUE	= -127.000000;-127.000000
